SparseMatrix: 6 by 6
row 0: 1 2 -1
row 1: -1
row 2: 0 1 4 -1
row 3: 4 5 -1
row 4: 3 5 -1
row 5: 3 -1

row 27: -1
row 28: -1
row 29: -1
row 30: 1642 1643 1644 1645 1646 1647 1648 -1
row 31: -1
row 32: 1729 1731 1732 1733 1734 1735 1736 1737 1738 1739 1740 1741 1742 1743 1744 1745 1746 1747 1748 1749 1750 1751 1752 1753 1754 1755 1756 1757 1758 1759 1761 1762 1763 1764 1765 1766 1767 1768 -1
row 33: 1494 54 1797 1798 1799 756 196 757 758 -1
row 34: -1
row 35: 1845 1846 1107 1848 -1 
row 36: -1 
row 37: 1924 1925 -1
row 38: 266 1 1960 1961 1962 1963 277 1964 1965 1966 1967 29 41 1968 1627 1969 1970 1971 260 1972 262 251 1973 1974 1975 1976 1977 1978 1979 1540 -1
row 39: -1
row 40: 1045 1046 1047 1049 1053 1054 1056 1057 1058 1059 1060 1061 1062 1063 1064 1065 1066 1067 1068 1069 1070 1071 1072 1073 1074 1075 1076 1077 1078 1079 1080 1081 1082 1083 1084 1086 1087 1088 1089 1090 1091 1092 1093 1095 1096 1097 1098 1099 1100 1101 1102 1103 1104 1105 1106 1107 1108 1109 1110 1111 1112 1113 1115 1116 1117 1118 1119 1120 1121 1122 1123 1124 1125 1126 1127 1128 1130 1131 1132 1133 1134 1135 1136 1137 1138 1139 1140 1141 1142 1143 1144 1145 1146 1147 1148 1150 1151 1152 1153 1154 1155 1156 1157 1158 2055 1159 1160 1161 1162 1163 1164 1165 1166 1167 1168 1169 1170 1171 1172 1173 1174 1175 1176 1177 1178 1179 1180 1182 1183 1184 1185 1186 1187 1188 1189 1190 1191 1192 1193 1194 1195 1196 1197 1198 1199 1201 1202 1203 1204 1205 1206 1207 1208 1209 1210 1211 39 1212 1213 1214 1215 1216 1217 1218 1219 1220 441 1221 1222 1223 1224 1225 1226 1227 1228 1229 1230 1231 1232 1233 1234 1235 1236 1237 1238 1239 1240 1241 1242 1243 1244 1245 1246 1247 1248 1249 1250 1251 1252 1253 1254 1255 1256 1257 1258 1259 1260 1261 1262 1263 1264 1265 1266 1267 1268 1269 1270 1271 1272 1273 1274 1275 1276 1277 1278 1281 1283 1284 -1
row 41: 2092 1 2093 -1
row 42: -1
row 43: -1
row 44: 2146 2147 2148 2150 2151 2175 2176 2177 -1
row 45: 102 -1
row 46: 2222 2223 2224 -1
row 47: 2232 -1
row 48: -1
row 49: 2284 -1
row 50: -1
row 51: -1
row 52: 400 94 406 64 401 -1
row 53: -1
row 54: 2450 196 2451 2452 -1
row 55: -1
row 56: 2502 -1
row 57: 2545 2546 -1
row 58: -1
row 59: 2608 -1
row 60: -1
row 61: -1
row 62: -1
row 63: -1
row 64: 2749 -1
row 65: -1
row 66: 2790 -1
row 67: -1
row 68: -1
row 69: -1
row 70: 2875 2876 2878 -1
row 71: -1
row 72: -1
row 73: -1
row 74: 3000 3001 -1
row 75: 3046 3047 3048 -1
row 76: -1
row 77: 3102 -1
row 78: -1
row 79: 3131 3132 3133 3134 3135 3136 3137 3138 3139 3140 3141 3142 3143 122 3144 3145 1003 3146 3147 1011 98 3148 3149 3150 3151 3152 3153 3154 3155 3156 137 3157 3158 3159 3160 3161 886 3162 3163 3164 2648 2645 3165 3166 3167 3168 3169 1012 3170 3171 3172 3173 3174 3175 3176 3177 3178 3179 3180 3181 3182 3183 3184 3185 3186 3187 3188 3189 3190 3191 3192 3193 3194 3195 3196 3197 3198 3199 3200 3201 3202 3203 3204 3205 3206 3207 3208 3209 3210 3211 3212 3213 3214 3215 3216 3217 3218 3219 3220 3221 3222 3223 3224 3225 3226 3227 3228 3229 3230 3231 3232 3233 3234 3235 3236 3237 3238 3239 3240 3241 3242 3243 3244 3245 3246 3247 3248 3249 3250 3251 3252 3253 3254 3255 3256 3257 3258 3259 3260 3261 3262 3263 3264 3265 3266 3267 3268 3269 3270 3271 3272 3273 3274 3275 3276 3277 3278 3279 3280 3281 3282 3283 3284 3285 3286 3287 3288 3289 3290 3291 3292 3293 3294 3295 3296 3297 3298 3299 3300 3301 3302 3303 3304 3305 3306 3307 3308 3309 3310 3311 3312 3313 3314 3315 3316 3317 3318 3319 3320 3321 3322 3323 3324 3325 3326 3327 3328 3329 3330 3331 3332 3333 3334 3335 3336 3337 3338 3339 3340 3341 3342 3343 3344 3345 3346 3347 3348 3349 3350 3351 3352 3353 3354 3355 3356 3357 3358 3359 3360 2950 3361 3362 3363 3364 3365 3366 3367 3368 3369 3370 3371 3372 1016 3373 3374 3375 54 604 51 3376 1494 0 110 138 3377 12 3378 3379 3380 3381 -1
row 80: -1
row 81: 3440 3441 3442 3443 3444 1709 3445 3447 3448 3449 3450 3451 3452 3454 3455 3457 3458 3459 3460 3461 3462 3463 3464 3465 3466 3467 3468 3469 988 3470 3471 3472 3473 3474 20 3475 3476 42 3477 3478 3479 3480 3481 -1
row 82: -1
row 83: -1
row 84: 3548 3549 3550 -1
row 85: 3580 852 32 3581 3582 3583 3584 3585 3586 3587 3588 3589 3590 3591 3592 3593 3594 3595 3596 25 3597 3598 3599 3600 3601 1209 3602 3603 3604 3605 3606 3607 3608 3609 3610 3611 3612 3613 3614 3615 3616 3617 3618 3619 3620 3621 3622 3623 3624 3625 3626 3627 3628 3629 3630 3631 3632 3633 3634 3635 3636 3637 3638 3639 3640 3641 3642 3643 3644 -1
row 86: -1
row 87: -1
row 88: -1
row 89: 3772 -1
row 90: 3783 -1
row 91: 3791 -1
row 92: 3820 3821 3822 3823 3824 3825 -1
row 93: -1
row 94: 3861 3862 3863 113 -1
row 95: -1
row 96: -1
row 97: -1
row 98: 3992 -1
row 99: -1